{
 "cells": [
  {
   "cell_type": "code",
   "execution_count": 1,
   "metadata": {
    "collapsed": true
   },
   "outputs": [],
   "source": [
    "import numpy as np\n",
    "import matplotlib.pyplot as plt\n",
    "np.set_printoptions(threshold=np.inf)\n",
    "%matplotlib inline\n",
    "%config InlineBackend.figure_format='retina'"
   ]
  },
  {
   "cell_type": "code",
   "execution_count": 2,
   "metadata": {
    "collapsed": false
   },
   "outputs": [],
   "source": [
    "consuelo20_w = np.load('../Compute statistics new/101917_vpf_consuelo_w.npz')\n",
    "consuelo20_wo = np.load('../Compute statistics new/101917_vpf_consuelo_wo.npz')"
   ]
  },
  {
   "cell_type": "code",
   "execution_count": 3,
   "metadata": {
    "collapsed": false
   },
   "outputs": [
    {
     "data": {
      "text/plain": [
       "['vpf', 'ngals', 'param']"
      ]
     },
     "execution_count": 3,
     "metadata": {},
     "output_type": "execute_result"
    }
   ],
   "source": [
    "consuelo20_w.files"
   ]
  },
  {
   "cell_type": "code",
   "execution_count": 4,
   "metadata": {
    "collapsed": false
   },
   "outputs": [],
   "source": [
    "vpf_samep = []\n",
    "\n",
    "for i in range(200):\n",
    "    vpf_samep.append(consuelo20_w['vpf'][i::200])"
   ]
  },
  {
   "cell_type": "code",
   "execution_count": 6,
   "metadata": {
    "collapsed": false
   },
   "outputs": [],
   "source": [
    "vpf_corr = np.zeros((200,20,20))\n",
    "for i in range(200):\n",
    "    vpf_corr[i] = np.corrcoef(vpf_samep[i].T)"
   ]
  },
  {
   "cell_type": "code",
   "execution_count": 7,
   "metadata": {
    "collapsed": false
   },
   "outputs": [
    {
     "data": {
      "text/plain": [
       "<matplotlib.colorbar.Colorbar at 0x7f235e3262d0>"
      ]
     },
     "execution_count": 7,
     "metadata": {},
     "output_type": "execute_result"
    },
    {
     "data": {
      "image/png": "iVBORw0KGgoAAAANSUhEUgAAAo0AAAH4CAYAAAAvqteiAAAABHNCSVQICAgIfAhkiAAAAAlwSFlz\nAAAWJQAAFiUBSVIk8AAAIABJREFUeJzs3Xu0JXV16Pvv7BdNIzQoKkGiPAK08aoEUF7n8EwIakDU\n5siIEMREReWoPBJzFbUxMVfvNYDggwQVFEzQ0+RiMgKEM4QGBE0uKLZoAwo0YtAoIM27m+6e94+q\nLYvVe+211t5VtVZ1fz9jrFF712NWrV37Mff81e/3i8xEkiRJmsqsUV+AJEmSxp9JoyRJkvoyaZQk\nSVJfJo2SJEnqy6RRkiRJfZk0SpIkqS+TRkmSJPVl0ihJkqS+TBolSZLUl0mjJEmS+jJplCRJUl8m\njZIkSerLpFGSJEl9mTRKkiSpL5NGSZK0SYuIxRFxXkTcEBGPRERGxCXTjLVDRHwpIu6PiNURsTIi\nzomIbaY45ncj4usR8cuIeCoi7oiIMyNi8+m/q+pFZo76GiRJkkYmIm4FXgk8BvwMWAR8NTOPGzLO\nLsBNwAuAbwC3A68GDgHuAA7IzAe7jtkHuAaYCywF7gMOBfYGbgQOy8zV035zFbLSKEmSNnWnALsB\nWwHvmkGcz1EkjO/NzKMz8y8z81DgbGB34OOdO0fEbOBCYAGwODP/ODM/AOwDXAYcUF7bWLDSKEmS\nVIqIg4FrGbLSWFYZfwKsBHbJzPUd27YEfg4E8ILMfLxcfyjwTeD6zDyoK97OwF3AvcBOOQYJm5VG\nSZKkmTukXF7dmTACZOajFE3NC4B9OzYdWi6v6g6WmXcDdwIvAXau/GqnwaRRkiRp5nYvl3f22P7j\ncrnbDI8ZmTmjvoBxFxH3UDzjsHLElyJJ0nTtCDySmTuN8iIi4qsUnUyqtiM9/k5n5l41nG8yC8vl\nqh7bJ9ZvPcNjRsaksb+tNofnvhSeW3nkzWvoST9/fvUx64w7d249cefU8K09e3b1MQFm1VTwrytu\nRPUx67rWurTteuvg16Cen4Wa4q5YsYInn3yy8rjTsAjYc88KA363WDxRYUj1YNLY38qXwnNvqSPy\nohr+2aojJsCuu9YTd/vt64m77bbVx9y6pn/0FixoV9x586qPWdc/JXX88wD1XW+bErG6vgZ1qeNr\nW9f3Vw1x99p7b7773e+urDzwNOwJVPk3dS/gu3B7gxXFXiaqggt7bJ9Y//AMjxkZk0ZJktSsKpP4\n9ev779OMO8plr+cPJ6ovnc8vTueYkWnRv7WSJElj69pyeXhEPCu/KofcOYCiGf07HZuuKZdHdAcr\nh9zZjWLInbsrv9ppGGnSOJ2pdnrEeW553Moyzv1l3B3qunZJkjRNs2ZV92pYRMyNiEXluIy/kZl3\nAVdTdMp5T9dhZwJbABdPjNFYug5YARwYEUd1nGMW8Mny0/PHYYxGGGHz9BRT7bwPOCIiNphqp0ec\n55VxdqPI2C+leND2ROB1EbFfOdaRJEkatYhqk70ImGFOFRFHA0eXn25XLveLiIvKjx/IzNPLj19E\nkejdS5Egdno3RU5ybkQcVu63D8UYjncCH+rcOTPXRcSJFPnL0ohYCvwUOIxnphE8e0ZvrkKjfKax\nc6qd8yZWRsRZFFPmfBw4aYA4f0ORMJ6Vmad1xHkv8OnyPBuUfSVJkkp7ACd0rduZZwbVvhc4nT4y\n866I2Bv4GEXu8VqKmWA+DZyZmb+e5Jh/j4hXUVQjDwe2LM/3MeAT4zLvNIwoaSyrjIdTjKn02a7N\nHwXeARwfEad1lXG74zwHOB54HFjStfkzwKnAH0bEzlYbJUkaE2M2UkBmLmHDPKLXvisppgPstf0+\nitbOYc7/I+CYYY4ZhVHdtelMtTOZfYHNgRvL4zrjrAf+ret8kiRJmoZRJY1VTZvTqul3JEkSre4I\nsykb1TONVU2bU9n0OxHRa6zRmkbLliRpEzSGHWE0GFN0SZIk9TWqSmNV0+ZUNv1Or+mHygpkldNk\nSpK0abNZuZVGddeqmjanVdPvSJIktdWoKo3Pmmqnswf1FFPtTOY7wJPAARGxZWcP6nI09cO7zidJ\nkkapjmca1YiRVBqnM9VOOWXPszqlZOZjwMXl/ku64pxcxv83x2iUJEmamVHOCDPUVDvldthwQM0P\nAgcDp0bEHsB/AC8FXg/8kg2TUkmSNEo+09hKI7trZbVxb+AiimTxNGAXiql29h1k3ukyzoPAfsC5\nwO+UcfYBLgT2Ks8jSZLGheM0ttIoK41DTbWTmVNN2fMQ8L7yJUmSpIqNNGmUJEmbGDvCtJZ1XUmS\nJPVlpVGSJDXLZxFbyaRxEJtvDotqmIL6e9+rPubs2dXHBJg7t564dVm/vv8+4xATYO3adsVdsKCe\nuHWYN6+euHX9wavreuuwZk09cee06M9STb8TcoNBQjYyNk+3lqm+JEmS+mrRv3SSJGmjYPN0K3nX\nJEmS1JeVRkmS1Cwrja1k0ihJkppjR5jWMtWXJElSX1YaJUlSs2yebiXvmiRJkvqy0ihJkprjM42t\nZdIoSZKaZfN0K3nXJEmS1JeVRkmS1Cwrja3kXZMkSVJfVholSVJz7AjTWlYaJUmS1JeVRkmS1Cyf\naWwlk0ZJktQcm6dby1RfkiRJfVlplCRJzbJ5upW8a5IkSerLSuMg5s+HRYuqjzt7dvUxb765+ph1\nWr++nrht+i+2rq9BXXHbZN26euLW9f1Vxz2bN6/6mHWq62tbR9w2/Z4ZN37tWsmkUZIkNceOMK1l\nqi9JkqS+rDRKkqRm2TzdSt41SZIk9WXSKEmSmjPxTGNVrwqfaYyIHSLiSxFxf0SsjoiVEXFORGwz\n4PEHR0QO8PrtruOm2vc7lb3BGbJ5WpIkNWsMm6cjYhfgJuAFwDeA24FXA+8DjoiIAzLzwT5hVgJn\n9tj2cuCNwG2Zed8k2+8FLppk/c/6XnxDTBolSZLgcxQJ43sz87yJlRFxFnAK8HHgpKkCZOZKYMlk\n2yLiH8sPL+hx+MrMnPTYcTF+qb4kSdq4Vdk8XYGyyng4RaXws12bPwo8DhwfEVtMM/62wBuAJ4Gv\nTP9KR8tKoyRJ2tQdUi6vzsxnjbKfmY9GxI0USeW+wDenEf8EYDPgK5n5cI99to6ItwHbAauAWzJz\nbJ5nBJNGSZLUpHoG914UEbdMtjkz9xogyu7l8s4e239MkTTuxvSSxreXy7+bYp9XAl/sXBER3weO\nz8wfTOOclbN5WpIkbeoWlstVPbZPrN962MARcRBFUnpbZt7UY7ezgAOA5wNbAq8CllIkktdExIuG\nPW8drDRKkqRmVd97+vYBK4qj8I5y+fe9dsjM07pW3QwcExFLgTcBp1N0xhkpK42SJKk54zlO40Ql\ncWGP7RPrez2POKmIeC5F0vckcPE0ruv8cnngNI6tnEmjJEna1N1RLnfrsX3XctnrmcdeJjrAfH2K\nDjBT+VW5nFav7arZPC1Jkpo1foN7X1suD4+IWZ09qCNiS4rnDZ8Ahu3NPNEBpmfTdB/7lsu7p3l8\npUZy1yLieRHxZxHx/0bETyLiyYhYFRHfiog/jYiBr6uc4qfX1Du/qPN9SJKk9svMu4CrgR2B93Rt\nPpOi0ndxZj4+sTIiFkXEol4xI+K/Ay9l6g4wRMQrImLuZOspBhQHuGTAt1KrUVUajwE+D/ycIrv/\nKfBCiul1vgC8JiKOycwcMN4q4JxJ1j9WwbVKkqQqjV+lEeDdFNMInhsRhwErgH0oxnC8E/hQ1/4r\nymWvhyr7doApnQocGRE3APcBq4FFwBHAbIoZZP6x9+HNGVXSeCdwFPCvXSXgDwL/QfHQ6BuBywaM\n9/C4T70jSZKoa5zGGcvMuyJib+BjFAnbaymKW58GzszMXw9+SbENsJjBOsBcDmwFvAI4FJgPPAhc\nCVyQmf885FupzUiSxsy8psf6X0TE+RTl2IMZPGmUJEmakcy8DzhxwH17Zqtlgrn5gHEup0gcx944\ndoR5ulyuHeKYzSLiOODFFPNDLgeuz8x1VV+cJEmaofFsnlYfY5U0RsQc4E/KT68a4tDt2LD8e09E\nnJiZ1w147kmnH6J4rkCSJGmTNlZJI/AJ4P8ArsjMfxvwmAuBG4AfAo8COwMnUzyAemVE7JeZ35/R\nVc2fD7vu2n+/Yc3doLPU+Lr55nrirh2moDxiq1fXE/eJJ+qJu+229cRds6YdMQEWLKgnbl02H6g1\nazjr1/ffZ1Mwp4Y/dzV9bat5Qq/LwP1KGzCmzzSqv7FJGiPivcBpwO3A8YMel5lndq26DTgpIh4r\n4y0B3jBAnEmnHyorkHsOej2SJKkPm6dbaSzuWkScTNE76UfAIZn5UAVhx2rqHUmSpDYbeaUxIt4P\nnE1RITwsM39ZUeixmnpHkiSVrDS20kjvWkR8gCJhvJWiwlhVwghjNvWOJElSm42s0hgRH6YYQPMW\n4PCpmqTL6XV2AZ4up/qZWP9S4Ked0/qU63cEPlN+OhZT70iSJOwI02IjSRoj4gSKhHEdRc/n98aG\nN31lZl5Ufvwiiul67qWYF3LCm4HTIuL6ctujFMnl6yhGVL8C+FQtb0KSJGkTMqpK407lcjbw/h77\nXAdc1CfOtcDuwO8BB1A8v/gw8C2KcRsvHmL+akmS1ASfaWylUU0juIRiKJxB91/JJENXlQN3DzR4\ntyRJGgM2T7eWqb4kSZL6GvmQO5IkaRNj83QredckSZLUl5VGSZLULCuNrWTSKEmSmmNHmNYy1Zck\nSVJfVholSVKzbJ5uJe+aJEmS+rLSKEmSmuMzja1l0ihJkppl83QredckSZLUl5VGSZLULCuNreRd\nkyRJUl9WGgcxdy5sv/2or2Iw69fXE3ft2nri3nprPXHreDB6zZrqYwI8/XQ9cetSR4Wgru/buuLO\nadGvzrlz64lbV6WoTRWoNl1r5qiv4Bl2hGmtFn3HS5IkaVRa9O+yJEnaKLSpSqvfMGmUJEnNsXm6\ntUz1JUmS1JeVRkmS1Cybp1vJuyZJkqS+rDRKkqRmWWlsJZNGSZLUHDvCtJapviRJkvqy0ihJkppl\n83QredckSZLUl5VGSZLUHJ9pbC2TRkmS1Cybp1vJuyZJkqS+TBolSVKzZs2q7lWhiNghIr4UEfdH\nxOqIWBkR50TENkPEWBYROcVrfo/jfjcivh4Rv4yIpyLijog4MyI2r+4dzozN05IkaZMXEbsANwEv\nAL4B3A68GngfcEREHJCZDw4R8swe69dOcu59gGuAucBS4D7gUOAjwGERcVhmrh7i3LUwaZQkSc0Z\n344wn6NIGN+bmec9Ez7OAk4BPg6cNGiwzFwyyH4RMRu4EFgAvD4z/7lcPwv4OvCm8vyfGPTcdbF5\nWpIkbdLKKuPhwErgs12bPwo8DhwfEVvUcPqDgJcC108kjACZuR74i/LTkyJG303cSqMkSWrW+PWe\nPqRcXl0ma7+RmY9GxI0USeW+wDcHCRgRbwZ2AtYAK4BrejQxH1our+rekJl3R8SdwG7AzsBdg5y7\nLiaNkiSpOfU0Ty+KiFsm25yZew0QZfdyeWeP7T+mSBp3Y8CkEbi06/NfRsR7MnPpNM69W/kaadI4\ndqm+JElSwxaWy1U9tk+s33qAWN8AjgR2ADYHFgH/V3ns1yLiiBrPXSsrjYOYMwe23bb6uOvX999n\nWONX8p9aXY9ofO971cdct676mG1Ux/fYmjXVx4R6fsYA5s2rJ+6cFv1KXrtBB9DxjluHNt2vcVP9\n75HbB6wo1i4zz+5adQfwwYi4HziPIoHcoCm6DVqWYUiSJFVuopq3sMf2ifUPz+AcX6AYbmePiNiy\n4XNXwn+TJElSs8avVeyOcrlbj+27lstezx32lZlPRcSjwDbAFsCjTZ27KmN31yRJ0kZsoiNMVa9q\nHnO6tlweXo6P2HG5sSVwAPAE8J3pniAidqdIGB8FHujYdE257H7WkYjYmSKZvBe4e7rnrsrIksZy\nap5eU+z8YshYM572R5IkbZoy8y7gamBH4D1dm8+kqAxenJmPT6yMiEURsahzx4jYKSKe2x0/Ip5P\nMYA3wKWZ2fnw7nUUQ/IcGBFHdRwzC/hk+en5mZnTeW9VGnXz9CrgnEnWPzZogBqm/ZEkSXUav+Zp\ngHdT5BPnRsRhFIncPhRjON4JfKhr/xXlsrPUeRBwfkR8i6Iy+BDwYuC1FM8m3swzA3YDkJnrIuJE\niorj0ohYCvwUOAzYG7gR6O5cMxKjThofHnSanSlUOu2PJEna9GTmXRGxN/Axiqbi1wI/Bz4NnJmZ\nvx4gzC0U4zPuBfwesBVFc/QPKKYE/LvM3GC4iMz894h4FUVV83BgS4om6Y8BnxiHeadh9EnjjAww\n7c87KKb9Oa2zpCxJkkZkfOeeJjPvA04ccN8NTpyZPwDeOs1z/wg4ZjrHNmXUSeNmEXEcRen2cWA5\nxdyLgw6IV/m0P5IkqWbj2TytPkadNG4HXNy17p6IODEzrxvg+Mqm/ek1/RDFSO6SJEmbtFGm+hdS\nPOS5HUWvpJcDf0fRc+nKiHjlADFaM/WOJEkqVTnkjhozskpjZp7Zteo24KSIeAw4DVgCvKHB65l0\n+qGyArlnU9chSZI0jsYxRT+/XB44wL6tmXpHkiQxroN7awDjmDT+qlxuMcC+rZl6R5Ikqc1G3RFm\nMvuWy0Gmy3nWtD+dPairmvZHkiRVzGcRW2kkdy0iXhoRG1QSI2JH4DPlp5d0rJ9bTtezS+f+05n2\nR5IkjZgdYVppVJXGNwOnRcT1FCOePwrsArwOmA9cAXyqY/8XUUzXcy9Fgthp2Gl/JEmSNKRRJY3X\nUoyx+HsUTchbUHRW+RbFuI0XDzoxd0XT/kiSpCaM8YwwmtpIksZy4O5BBu+e2H8lz54QvHv7wNP+\nSJIkaXjj2BFGkiRtzHwWsZVMGiVJUnNsnm4tk8ZBzJ4NW9cwE+H69f33GRerV9cTd82aeuKuW1d9\nzOXLq48J9f3HXVfcOS36tVHXtW62WT1x67hnCxZUHxOK34t1qOv7tk2/b+fNG/UVSJNq0W9/SZK0\nUbB5upW8a5IkSerLSqMkSWqWlcZWMmmUJEnNsSNMa5nqS5IkqS8rjZIkqVk2T7eSd02SJEl9WWmU\nJEnN8ZnG1rLSKEmSpL6sNEqSpGb5TGMrmTRKkqRmmTS2kndNkiRJfVlplCRJzbEjTGtZaZQkSVJf\nVholSVKzfKaxlUwaJUlSc2yebi1TfUmSJPVlpVGSJDXL5ulW8q5JkiSpLyuNkiSpWVYaW8mkUZIk\nNceOMK1l0jiIWbNgwYLq465dW33M9eurjwnwxBP1xH366Xri1qGu/4xvvbWeuG1Sx89CnWbPHvUV\njN6cmv581BW3jp/fun7fSmPKpFGSJDXL5ulW8q5JkiSpLyuNkiSpOT7T2FpWGiVJkoCI2CEivhQR\n90fE6ohYGRHnRMQ2Ax6/RUS8JSL+ISJuj4jHI+LRiLg5Ik6LiHk9jsspXt+p9l1On5VGSZLUrDF8\npjEidgFuAl4AfAO4HXg18D7giIg4IDMf7BPmvwOXAA8B1wKXA9sARwGfAt4YEYdl5lOTHHsvcNEk\n6382/Luph0mjJElq1hgmjcDnKBLG92bmeRMrI+Is4BTg48BJfWL8AjgO+F+ZuaYjxunAMmB/4D3A\n305y7MrMXDKD66/dWN41SZKkppRVxsOBlcBnuzZ/FHgcOD4itpgqTmbemplf7UwYy/WP8kyieHAV\n1zwKVholSVJzxrMjzCHl8urMfNYAnJn5aETcSJFU7gt8c5rnmBiYuNfAtFtHxNuA7YBVwC2ZOTbP\nM4JJoyRJ0u7l8s4e239MkTTuxvSTxreVy6t6bH8l8MXOFRHxfeD4zPzBNM9ZKZNGSZLUrOqfaVwU\nEbdMtiEz9xrg+IXlclWP7RPrtx72wgAi4mTgCOBW4EuT7HIWcBlF0voUsAj4ALAYuCYi9sjM/5zO\nuavkM42SJKk5E83TVb3GfJzGiHgjcA5FJ5k3ZeYG8+dm5mmZeVNmPpCZj2XmzZl5DEUiuS1werNX\nPTkrjZIkqe1uH7Ci2MtEJXFhj+0T6x8eJmhEHA1cCvwSOCQz7x7yus4H3gQcOORxtTBplCRJzRq/\nIXfuKJe79di+a7ns9czjBiLiGOAfKCqMh2bmj6dxXb8ql1P22m7K2N01SZKkhl1bLg+PiGflRhGx\nJXAA8AQwUG/miHgL8I/A/cBB00wYoeitDTBshbIWI0kaI+KtfabMyYhYN2CslVPE+EXd70WSJA2p\nymcaK5CZdwFXAztSDL7d6UyKSt/Fmfn4xMqIWBQRi7pjRcQJwFeAnwIH9muSjohXRMTcydZTDCgO\nxSwzIzeq5ulbKW7CZP47cChw5RDxVlE8ZNrtsSGvS5Ik1Wk8x2kEeDfFNILnRsRhwApgH4oxHO8E\nPtS1/4qJK3jmUuIQit7RsyiqlyfGhtf3cGZ25iynAkdGxA3AfcBqit7TRwCzgQsoqpYjN5KkMTNv\npUgcNxAR3y4//PshQj487lPvSJKk8ZWZd0XE3sDHKBK21wI/Bz4NnJmZvx4gzEt4phX3bT32uZdn\nF7ouB7YCXkFRNJsPPEhRPLsgM/95yLdSm7HqCBMRL6dov/9P4F9HfDmSJKkO49cRBoDMvA84ccB9\nNyghZuZFwEVDnvNyisRx7I1V0gi8o1x+MTMHeqaxtFlEHAe8mGJ+yOXA9UPGkCRJUg9jkzRGxObA\nccA64AtDHr4dcHHXunsi4sTMvK6K65MkSRUY32ca1cfYJI3A/6CYnudfy/LwoC4EbgB+CDwK7Ayc\nTFG1vDIi9svM7/cL0mv6IYqHUSVJUlXGtHlaUxunpHGiafrvhjkoM7t7Yd8GnBQRjwGnAUuAN8zo\nymbNggULZhRiUmvXVh9z/frqYwJsu209cdukbb/kbp20r9nM1fE9VsfPAsC6lj2hMnt29TEzq48J\n9VV36vgaQD0/v3X9Tqjj56Gu7wNtUsYiaYyIlwH7Az8Drqgo7PkUSeNAU+/0mn6orEDuWdE1SZKk\ntv0TLmB8ZoSZbgeYqYzV1DuSJEltNvJKY0TMB46n6ADzxQpDj9XUO5IkCTvCtNg4VBqPAbYBruzV\nASYi5pbT9ezStf6lEbFBJTEidgQ+U346FlPvSJIktdnIK4080zQ91QwwL6KYrudeinkhJ7wZOC0i\nri+3PQrsAryOYkT1K4BPVXy9kiRpJnymsZVGmjRGxEuB/8b0O8BcC+wO/B5wAMXziw8D36IYt/Hi\nTLuMSZI0Nmyebq2RJo2ZuYKOib6n2G/lZPuVA3c7eLckSVLNxqF5WpIkbUpsnm4l75okSZL6stIo\nSZKaZaWxlUwaJUlSc+wI01qm+pIkSerLSqMkSWqWzdOt5F2TJElSX1YaJUlSc3ymsbVMGiVJUrNs\nnm4l75okSZL6stIoSZKaZaWxlbxrkiRJ6stKoyRJao4dYVrLSqMkSZL6stI4iAiYN6/6uAsWVB+z\nLmvW1BO3ruda6og7p2U/LuvX1xN3+fJ64tZh3bpRX8Fw6rhnz31u9THrNHt2PXEzq49Z1++vtWur\nj1nH+58Jn2lspZb9FZQkSa1m83RrmepLkiSpLyuNkiSpWTZPt5J3TZIkSX1ZaZQkSc2y0thKJo2S\nJKk5doRpLVN9SZIk9WWlUZIkNcvm6VbyrkmSJKkvK42SJKk5PtPYWiaNkiSpWTZPt5J3TZIkSX1Z\naZQkSc2y0thK3jVJkiT1ZdIoSZKaM9ERpqpXhR1hImKHiPhSRNwfEasjYmVEnBMR2wwZ57nlcSvL\nOPeXcXeo+9x1snlakiRt8iJiF+Am4AXAN4DbgVcD7wOOiIgDMvPBAeI8r4yzG3ANcCmwCDgReF1E\n7JeZd9dx7rqZNEqSpGaN5zONn6NI2t6bmedNrIyIs4BTgI8DJw0Q528oEsazMvO0jjjvBT5dnueI\nms5dq7G8a5IkaSM1hs3TZaXvcGAl8NmuzR8FHgeOj4gt+sR5DnB8uf+Srs2fAe4F/jAidq763E0w\naZQkSZu6Q8rl1Zm5vnNDZj4K3AgsAPbtE2dfYHPgxvK4zjjrgX/rOl+V566dzdOSJKlZ1TdPL4qI\nWybbkJl7DXD87uXyzh7bf0xRDdwN+OYM41DGqfrctTNpHMSsWTB//qivYrTWrKkn7vr1/feZjrqu\ntw5r17Yrbh2WLx/1FQxn9uxRX8Hozanpz8e8efXEreN66/oa1PH3JrP6mBuXheVyVY/tE+u3riFO\nVeeunUmjJElqVFL5fNG3D1hR1AyYNEqSpEbV1cg0AxPVvIU9tk+sf7iGOFWdu3Z2hJEkSZu6O8rl\nbj2271ouez13OJM4VZ27dlYaJUlSYzKrrTRW9LjmteXy8IiY1dmLOSK2BA4AngC+0yfOd4AngQMi\nYsvOHtQRMYuiQ0vn+ao8d+0qqTRGxOKIOC8iboiIRyIiI+KSPsfsHxFXRMRDEfFkRCyPiPdHxNBP\nmEfE70bE1yPilxHxVETcERFnRsTm039XkiRpU5CZdwFXAzsC7+nafCawBXBxZj4+sTIiFkXEoq44\njwEXl/sv6Ypzchn/3zpnhJnOuUelqkrjGcArgceAn1FMl9NTRLweuAx4Cvga8BBwJHA2RUZ9zKAn\njoh9KKbpmQssBe4DDgU+AhwWEYdl5uoh348kSarJGD7TCPBuiqn8zo2Iw4AVwD4U4yjeCXyoa/8V\n5bK7V88HgYOBUyNiD+A/gJcCrwd+yYaJ4XTOPRJVPdN4CkVb/FbAu6baMSK2Ai4A1gEHZ+afZuaf\nA3sA3wYWR8Sxg5y0rEpeSDHo5eLM/OPM/ADFF/oyigT0lOm9JUmSVLWJ5umqXlWNJlRW/PYGLqLI\nI04DdqGY+m/fQed+LvfbDzgX+J0yzj4U+cpe5XlqOXfdKqk0ZuZv2uaj/3Q+i4HnA1/JzJs7YjwV\nEWdQDFz5LooJvvs5iCJ7vz4z/7kj1vqI+AvgTcBJEfHJTAepkiRJvWXmfcCJA+7bM+HJzIeA95Wv\nys89KqPoCHNoubxqkm3XUzzsuX9EbDZAs3LPWJl5d0TcSVEB3RnYILOXJEnNG9PmafUxiqSx53Q5\nmbk2Iu79zmPhAAAgAElEQVQBXkaR6K3o3mfQWKUfUySNu9Enaew1/RB9ns+UJEnaFIwiaaxyupzW\nTL0jSZIKVhrbyXEaS72mHyorkHs2fDmSJEljZRRJY5XT5bRm6h1JkjS2g3trAKOYRrDndDkRMQfY\nCVgL3N29fZhYpbGZekeSJBWqHHJHzRlF0nhNuTxikm0HUoy5eNOAA3L3jBURO1Mkk/cyWAIqSZKk\nHkaRNC4FHgCOjYi9J1ZGxHzgr8tPP995QEQsKKfreXFXrOsoelgfGBFHdew/C/hk+en5jtEoSdJ4\nGNfBvdVfJc80RsTRwNHlp9uVy/0i4qLy4wcy83SAzHwkIt5OkTwui4hLKaYRPIpiCJ2lFFMLdno1\nxYTe11FMzUMZa11EnEhRcVwaEUuBnwKHUYysfiPF1ISSJEmagao6wuwBnNC1bufyBUUT8ekTGzLz\n8og4iGIuxTcB84GfAKcC5w5TGczMf4+IV1FM6n04sGV5vo8Bn3DeaUmSxovPIrZTVdMILgGWDHnM\njcBrB9x3GRtOCN65/UfAMcOcX5IkjYZJYzuN4plGSZIktYyDe0uSpMY4TmN7mTQOak4NX6p586qP\nuW5d9TEBFiyoJ25dbRR1xK3je6BOdX0v1BW3DsuX1xO3ru/bNWuqj1nX/arraxA9n0TadNTx+9bM\nShVo2V9BSZLUdj7T2E4mjZIkqTE2T7eXHWEkSZLUl5VGSZLUKJun28lKoyRJkvqy0ihJkhplpbGd\nrDRKkiSpLyuNkiSpMfaebi+TRkmS1Cibp9vJ5mlJkiT1ZaVRkiQ1xubp9rLSKEmSpL6sNEqSpEb5\nTGM7mTRKkqRGmTS2k83TkiRJ6stKoyRJaowdYdrLSqMkSZL6stIoSZIa5TON7WTSKEmSGmPzdHvZ\nPC1JkqS+rDRKkqRG2TzdTiaNg5g1C+bPryduG2LWaU5N34Lz5lUfc7PNqo8JMHt2PXHbpK6vQV1/\nmW67rZ6469ZVH7NtvxPqut65c6uPWcffBYA1a6qPaRuuKmDSKEmSGmWlsZ1a9i+oJEmSRsFKoyRJ\naoy9p9vLSqMkSWrU+vXVvcZFROwfEVdExEMR8WRELI+I90fEwA9tR8SLIuJ/RsSVEbEyIlZHxIMR\n8b8j4o09jjk4InKK1yeqeo9WGiVJkmYgIl4PXAY8BXwNeAg4EjgbOAA4ZsBQ/xP4AHAPcC3wC+Al\nwBuB34+IszPz1B7HXgcsm2T9twY8d18mjZIkqTEbW/N0RGwFXACsAw7OzJvL9R8GrgEWR8SxmXnp\nAOH+o4xxXdc5Xgp8BzglIr6ambdMcuyyzFwyg7fSl83TkiRJ07cYeD5w6UTCCJCZTwFnlJ++a5BA\nmflP3QljuX4FRQUT4OAZXe0MWGmUJEmNGqdnEStwaLm8apJt1wNPAPtHxGaZuXoG53m6XK7tsf13\nIuJkYCuKZu0bMvPHMzjfBkwaJUlSozaypHH3cnln94bMXBsR9wAvA3YGVkznBGUT+JuABK7usdtb\nylfncZcBb8/MX0/nvN1MGiVJUtstiojJnvMjM/eq+dwLy+WqHtsn1m89neAREcAXgBcCnyubqjv9\nCvhL4F+BlcB8YG/gbygSze0i4sDMnHGqbtIoSZIaM44dYSJiJUUv5UF9NTOPm/mZB/K3FL2vbwA2\n6DmdmT8Eftix6jHgqoi4CbiVovf2kcA3ZnohJo2SJKntbp9hRfEuiuFyBnV/x8cTlcSFk+3Ysf7h\nYS8qIv5v4BSKZyNfN8wzkZn5SET8A/Ah4EBMGiVJUtuM2zONmXnYDA6/g6I5eDfgWU3kETEH2Imi\n88rdwwSNiLOB91OM1/hHmfnENK7tV+Vyi2kcuwGH3JEkSY2ZaJ6u6jXqcRopxmIEOGKSbQcCC4Cb\nBq0SRuGzFAnj/6aoME4nYQTYt1wOlbD2UknSGBGLI+K8iLghIh4pp625pMe+u0bEByLimoi4LyLW\nRMR/RcQ3IuKQIc+7Y5+pcwYZSFOSJGm6lgIPAMdGxN4TKyNiPvDX5aef7zwgIhZExKKIeHHX+gD+\nHng3cCVwVGY+OdXJO8/Ztf444M3AGuDrQ72jHqpqnj4DeCXFw5c/AxZNse9fUbyJHwFXUEy1sztw\nFHBURLwvM88d8vzfBy6fZP1tQ8aRJEk1G7fm6Zkonx18O0XyuKwsWD1EkdfsXq7/Wtdhr6Zodr6O\nZw/W/RHgz4AnKTqx/GWRRz7LrZnZmfMsjYi1wM0UOdh84FXlOdYC78zMlTN7l4WqksZTKC70J8BB\nFF+IXq4CPpmZ3+tcGREHUZRh/5+I+F+Z+fMhzn9r3VPnSJIkTSYzLy/zmA9RDHMznyInOhU4N3Pg\nRvSdyuXmwP/ZY58v8+xC2eeB36foJb0tEMB/AhcB52Tm9wd/J1OrJGnMzN8kiZNkxN37XtRj/XUR\nsQz4A2B/iom/JUnSRmZjqjROyMwbgdcOuO8yiuSue/1bgbcOed5PAp8c5pjpGrfe0/2myOll+4h4\nJ/A84EHg25m5vNIrkyRJ2oSNTdIYES8BDqOYo/H6IQ//g/LVGW8ZcEJm/nTA8086kjxTP58pSZKG\nMI6De2swYzHkTkRsBnwV2AxYMsQciU9QdKzZC9imfE08U3kw8M2IqGRsIkmSVI0qh9xRc0ZeaYyI\n2cDFFA9wfg341KDHZuYvKXoadbo+Ig4HvgXsQ9EL6dMDxJp0JPmyArkns2rIr+fNqz5mXT9Bm29e\nT9y6zKnhW7uO74E6zZ5dT9w2/ZZes6aeuOvW1RN3RfeUsmOsz/Pr01bH70WABQvaERNg62lNUTy1\nNv3camyN9K9gmTBeQjGn4teB44boYdRTZq6lmNwbioE1JUnSGNgIB/feZIwsaYyIucA/AscC/wD8\ncZnsVaXSqXMkSZI2ZSNpno6IeRSVxdcDXwFOzMyqa+eVTp0jSZKqYWt5OzWeNJadXv6JYiyjLwLv\n6JcwRsRC4LeAVZ2DfkfEnhQDe6/v2v8wigHHoWj+liRJY8KksZ0qSRoj4mjg6PLT7crlfhFxUfnx\nA5l5evnx+RQJ4wMUI5Z/ZJIBwZeVA19OeANwIcUo6G/tWH8WsGtE3EQxIw3AK4BDy48/nJk3Te9d\nSZIkaUJVlcY9gBO61u1cvgDuBSaSxokpcrZlw57PnZYNcN6LKRLKVwGvAeYC/0XR9P2ZzLxhgBiS\nJKkhjtPYXlVNI7gEWDLgvgdPI/5FFHModq//IkUTtyRJkmo08nEaJUnSpsVnGtvJpFGSJDXG5un2\natkUF5IkSRoFK42SJKlRNk+3k5VGSZIk9WWlUZIkNcpKYzuZNEqSpMbYEaa9bJ6WJElSX1YaJUlS\no2yebicrjZIkSerLSqMkSWqMzzS2l5VGSZIk9WWlUZIkNcpnGtvJpHFjM29ePXHr+gmfO7eeuHVY\nsGDUVzCcutpsnvvceuLWYd26euLOalEjzYoV9cSdPbueuHX9TnjOc6qPueWW1ccEeOqp6mOOWZY2\nZpejAbXoN58kSZJGxUqjJElqjB1h2stKoyRJkvqy0ihJkhrlM43tZNIoSZIaY/N0e9k8LUmSpL6s\nNEqSpEbZPN1OVholSZLUl5VGSZLUKCuN7WTSKEmSGmNHmPayeVqSJEl9WWmUJEmNsnm6naw0SpIk\nqS8rjZIkqVFWGtvJSqMkSZL6MmmUJEmNmeg9XdVrXHpPR8T+EXFFRDwUEU9GxPKIeH9EzB4yTk7x\n+s4Ux/1RRCyLiFUR8VhE/HtEnDDzd/YMm6clSVKjNrbm6Yh4PXAZ8BTwNeAh4EjgbOAA4JghQ94L\nXDTJ+p/1OP/JwHnAg8AlwBpgMXBRRLw8M08f8vyTMmmUJEmapojYCrgAWAccnJk3l+s/DFwDLI6I\nYzPz0iHCrszMJQOef0fgUxSJ6t6ZubJc/zHg/wNOi4jLMvPbQ5x/UjZPS5KkxmyEzdOLgecDl04k\njACZ+RRwRvnpu2o8/9uAzYDPTCSM5fl/DfxN+elJVZzISqMkSdL0HVour5pk2/XAE8D+EbFZZq4e\nMObWEfE2YDtgFXBLZvZ6nnGq81/Ztc+MmDRKkqRG1fBM46KIuGWyDZm5V+Vne7bdy+Wdk5x7bUTc\nA7wM2BlYMWDMVwJf7FwREd8Hjs/MHwxx/p9HxOPADhGxIDOfGPD8kzJpHMSsWTB/fvVx16ypPmbb\nzKrpCYm1a6uPOXuoDnCDm1PTj2FEPXHrUNfXoG1P29dxz+r6vr3ttnri1vU7Yd686mM+5znVxwR4\n4Qurj7luXfUxZ6BtP5p9LCyXq3psn1i/9YDxzqLoVHMnRceaRcAHKJrBr4mIPTLzP4c8/xblfiaN\nkiRpk3b7TCqKEbESeMkQh3w1M4+b7vmmkpmnda26GTgmIpYCbwJOB06p49z9mDRKkqTGTHSEqTJe\nBe6iqOoN6v6OjycqfAsn27Fj/cPDXlSX8ymSxgO71q8Cti3P8+AU5+9ViRyYSaMkSdqkZeZhMzj8\nDmBvYDfgWc9VRsQcYCdgLXD3DM4B8KtyucUk59+2PP+zhtWJiN8q9//ZTJ9nhIqG3ImIxRFxXkTc\nEBGPlKOWX9Jj3x37jHY+zDhGEzErGYVdkiTVr8ohd8bANeXyiEm2HQgsAG4aoud0L/uWy+7kc6rz\nv6ZrnxmpqtJ4BkVPn8coRitfNMAx3wcun2T9UE9X1zAKuyRJqsmYNk/PxFLgk8CxEXFex+De84G/\nLvf5fOcBEbEAeDHwRGb+tGP9K4AVmfl01/6vAD5eftpdlLsQ+Avg5Ii4sGNw722AD5b7nD+jd1iq\nKmk8hSJZ/AlwEHDtAMfcOuho573UNAq7JEnSQDLzkYh4O0XyuKxsMX0IOIpiOJylFEWtTq+myJWu\nAw7uWH8qcGRE3ADcB6ymKMQdAcymyHn+sev890TEnwPnAjdHxNd4ZhrBHYC/rWI2GKgoaczM3ySJ\n0ewwHxOjsH+lexT2iDgD+CbFKOwmjZIkjYkxaVauTGZeHhEHAR+i6Kwyn6KQdipwbubA9dDLga2A\nV1AMyD2fonPLlcAFmfnPPc5/XtkD/HTgTygeP/wRcEZmfnm676vbKDvCbB8R7wSeR/EF+XZmLh8y\nRh2jsEuSJA0lM28EXjvgvsuADapsmXk5kz+6N0jMfwH+ZTrHDmqUSeMflK/fiIhlwAmd7ft91DEK\nuyRJqtHGVmncVIwiaXwC+CuKTHqiB9ArgCXAIcA3y9HOHx8gVmWjsPeafojBOvVIkiRt1BpPGjPz\nl8BHulZfHxGHA98C9gH+DPh009cmSZLqtRH2nt5kjM3g3mVz8hcoksYDGSxprGwU9l7TD5UVyD0H\nuBZJkjQAm6fbqaaZ4aet12jnvdxRLnfr3lDxKOySJEmbtHFLGnuNdt5LU6OwS5KkCkw0T1f1snm6\nOY0njRGxZ0RscN6IOIxikHDoGu08IhZGxKJyDsVOS4EHKEZh37tj/56jsEuSJGl4lTzTGBFHA0eX\nn25XLveLiIvKjx/IzNPLj88Cdo2ImyhmkYFnBrEE+HBm3tR1ijdQTJPzZeCtEyunOQq7JEkaIZ9p\nbKeqOsLsAZzQtW7n8gVwL8Uo5QAXUySBr6KYSHsu8F/A14HPZOYNw5y4wlHYJUlSA0wa26mqaQSX\nUIyzOMi+XwS+OGT8i4CLptg+8CjskiRJGt7YDLkjSZI2fo7T2F7j1ntakiRJY8hKoyRJapTPNLaT\nSeMozanhyz+rZcXjuq537drqY9Z1rXV8HwDMnt2euPPmVR8TIKKeuHV9L9TxdZg7t/qYUN/XYPny\neuLWcb3z51cfE2DrrauPuWZN9TGnyebp9mpZhiFJkqRRsNIoSZIaZfN0O1lplCRJUl9WGiVJUqOs\nNLaTlUZJkiT1ZaVRkiQ1xt7T7WXSKEmSGmXzdDvZPC1JkqS+rDRKkqTG2DzdXlYaJUmS1JeVRkmS\n1CifaWwnk0ZJktQok8Z2snlakiRJfVlplCRJjbEjTHtZaZQkSVJfVholSVKjfKaxnUwaJUlSY2ye\nbi+bpyVJktSXlUZJktQom6fbyUqjJEmS+rLSKEmSGmWlsZ1MGgc1qyVF2bquc47fKrX9lqvrntUV\nt46nztv2/TV3bj1xFyyoPuZznlN9TIB58+qJW9f37a23Vh9z882rjwmw/fbVx3z66epjapPTst/U\nkiSpzew93V4mjZIkqVE2T7dTS9pcJUmSNEomjZIkqTETzdNVvcaleToi9o+IKyLioYh4MiKWR8T7\nI2L2EDGWRET2ed3VdczBffb/RFXv0eZpSZKkGYiI1wOXAU8BXwMeAo4EzgYOAI4ZMNSyKbYdCewJ\nXNlj+3U9jv/WgOfuy6RRkiQ1amN6pjEitgIuANYBB2fmzeX6DwPXAIsj4tjMvLRfrMxcxiSJX1mt\n/NPy07/vcfiyzFwy7PUPw+ZpSZLUqCqbp8fAYuD5wKUTCSNAZj4FnFF++q4ZnuO1wA7AdzJz+Qxj\nTZuVRkmSpOk7tFxeNcm264EngP0jYrPMXD3Nc7yjXPaqMgL8TkScDGwF/AK4ITN/PM3zTcqkUZIk\nNaamcRoXRcQtk2/Pvao726R2L5d3TnLutRFxD/AyYGdgxbDBI2IH4DXAKornJXt5S/nqPPYy4O2Z\n+ethzzsZm6clSZKmb2G5XNVj+8T6racZ/0+B2cAlmfnEJNt/Bfwl8HJgS4qm8tcA3wPeBPxLRFSS\n71lplCRJjarhWcTbZ1JRjIiVwEuGOOSrmXncdM83qDLZm+gA83eT7ZOZPwR+2LHqMeCqiLgJuJWi\n9/aRwDdmej0mjZIkqTFjOo3gXRTD5Qzq/o6PJyqJCyfbsWP9w8NeFEXF8LcpOsD8YJgDM/ORiPgH\n4EPAgZg0SpIkzUxmHjaDw+8A9gZ2A571XGVEzAF2AtYCd08j9kQHmEmrjAP4VbncYprHP4vPNEqS\npEZtZEPuXFMuj5hk24HAAuCmYXtOR8T2wOvo3wFmKvuWy+kkrBuoJGmMiMURcV5E3BARj5TT1lzS\nY9+LBpgi55sDnnfHPnH6DqQpSZI0A0uBB4BjI2LviZURMR/46/LTz3ceEBELImJRRLx4irgTHWAu\nzswne+3Uec6u9ccBbwbWAF8f5I30U1Xz9BnAKykevvwZsGiKfS8HVvbYdjxFl/ReU+T08v0ybrfb\nhowjSZJqNiYVwkqUzw6+nSJ5XFYWrB4CjqIYjmcpG1YKXw1cSzH138HdMbs6wEw1NiPA0ohYC9xM\nkYPNB15VnmMt8M7MXDn0G5tEVUnjKRQX+hPgIIovxKQy83ImSfAiYmvgLygy4ouGPP+tdU+dI0mS\nNJnMvDwiDqLodPImisTtJ8CpwLmZQ3fX+UOK3tyDdID5PPD7FL2ktwUC+E+KXOqczPz+kOfuqZKk\nMTN/kyRGxHTDHA9sTjENzwNVXJckSRovY9p7esYy80aK6f4G2XcZRXLXa/uVU23v2veTwCcH2Xem\nxqn39NvLZb8y7GS2j4h3As8DHgS+Pcq5GSVJUm8bU/P0pmQsksaI2I9iJPM7O6uWQ/iD8tUZcxlw\nQmb+dMBrmHT6IaZ+PlOSJGmTMBZJI8+MQ3TBkMc9AfwVxTOSE93JXwEsAQ4BvhkRe2Tm4zO6ugiY\nU8OXqo5/tWbVNIpSXf8W1nW9ddyvurTta1tH3DbdL4D58+uJu2BB9TG33LL6mADPeU49cev62m6+\nefUxv/3t6mMCLOw1RvQMPD6zP4NV2libpzcFI/9NHRELgf/BNDrAZOYvgY90rb4+Ig4HvgXsA/wZ\n8OkBYk06/VBZgdxzmOuSJEna2IzD4N7HUQx8+U9VdYDJzLXAF8pPD6wipiRJqsZGNrj3JmPklUae\n6QAz3Slyeql06hxJklQNk712GmmlMSL2oRgU/M6y+3mVKp06R5IkaVM26krjRAeYKYfZKZ97/C1g\nVWb+vGP9nhQDe6/v2v8wigHHASadzlCSJDXPjjDtVUnSGBFHA0eXn25XLveLiIvKjx/IzNO7jtmK\nYk7E1cCX+5ziDcCF5X5v7Vh/FrBrRNxEMSMNFL2nDy0//nBm3jTUm5EkSdIGqqo07gGc0LVu5/IF\ncC9wetf2t1A8bziTGWAupkgoXwW8BpgL/BfFxNyfycwbphlXkiTVxGca26mqaQSXUIyNOMwxn6eY\nL3GQfS9ikuF4MvOLwBeHOa8kSRodm6fbaxyG3JEkSdKYG3VHGEmStImxebqdrDRKkiSpLyuNkiSp\nUVYa28lKoyRJkvqy0ihJkhpj7+n2MmmUJEmNsnm6nWyeliRJUl9WGiVJUmNsnm4vK42SJEnqy0qj\nJElqlM80tpNJoyRJapRJYzvZPC1JkqS+rDQOIgLmVP+lSqLymHVpz5XWaN68UV/BcNaubU/c+fOr\njwmwYEE9cdesqSfu1ltXH/Opp6qPCfDCF9YTt46vAcD221cfc+HC6mMCXHVVPXHHhB1h2stKoyRJ\nkvqy0ihJkhrlM43tZNIoSZIaY/N0e9k8LUmSpL6sNEqSpEbZPN1OVholSZLUl5VGSZLUKCuN7WSl\nUZIkSX1ZaZQkSY2x93R7mTRKkqRG2TzdTjZPS5IkqS8rjZIkqTE2T7eXlUZJkiT1ZaVRkiQ1ymca\n28lKoyRJatT69dW9Ri0i5kbE+yLiwoi4NSLWRERGxJ/NIOb+EXFFRDwUEU9GxPKIeH9EzJ7imD+K\niGURsSoiHouIf4+IE6Z7DZOx0ihJkjR9WwDnlB//F/AL4LenGywiXg9cBjwFfA14CDgSOBs4ADhm\nkmNOBs4DHgQuAdYAi4GLIuLlmXn6dK+nk5VGSZLUmImOMFW9xqAjzBPAa4HtM3M74EvTDRQRWwEX\nAOuAgzPzTzPzz4E9gG8DiyPi2K5jdgQ+RZFc7p2Z78nMU4BXAHcBp0XEftO9pk4mjZIkSdOUmWsy\n88rM/HkF4RYDzwcuzcybO87xFHBG+em7uo55G7AZ8JnMXNlxzK+Bvyk/PamCa7N5WpIkNWscnkUc\nU4eWy6sm2XY9RVVz/4jYLDNXD3DMlV37zIiVRkmS1KiNqSNMxXYvl3d2b8jMtcA9FAW/nQc85ufA\n48AOEbFgphdnpbG/HVesWMFee+896usYrboeGhmDh1E2Wm26Z2261jrj1vEXsK6/quvW1RN3zZp6\n4j79dPUxH3+8+pg1WVEsdhzpRfzGCmCviuOxKCJumWxrZlZ5srotLJeremyfWL/1kMdsUe73xEwu\nzqSxv0eefPJJvvvd764cYN9F5fL2Gq9H1fKetYv3q328Z+NhR+CRUV8EcDs8CXy36rg7zuTgiFgJ\nvGSIQ76amcfN5JxtZNLYR2buNOi+E//ltOy/mk2a96xdvF/t4z1Tp8x8y6ivoYe7KIa4GdT9NV3H\nRLVwYY/tE+sf7jpm23Lbg1Mc06sSOTCTRkmStEnLzMNGfQ2lO4C9gd2AZzW3R8QcYCdgLXB31zHb\nlsd8u+uY36Jomv5ZZs6oaRrsCCNJkjQurimXR0yy7UBgAXBTR8/pfse8pmufGTFplCRJalBELIyI\nRWUlsNNS4AHg2IjYu2P/+cBfl59+vuuYC4HVwMnlQN8Tx2wDfLD89PwqrtvmaUmSpBmIiL/kmU5f\ne5TLEyPiv5Uffyszv9BxyBsokr0vA2+dWJmZj0TE2ymSx2URcSnFTC9HUQyts5RiakE6jrknIv4c\nOBe4OSK+xjPTCO4A/G1mPqvZerpMGiVJkmbmCOCgrnX7l68JX2AAmXl5RBwEfAh4EzAf+AlwKnBu\n5oZjfmXmeWUP8NOBP6FoSf4RcEZmfnm4t9JbTHJuSZIk6Vl8plGSJEl9mTRKkiSpL5NGSZIk9WXS\nKEmSpL5MGiVJktSXSaMkSZL6MmmUJElSXyaNFYiIHSLiSxFxf0SsjoiVEXFOOYWPxkx5f7LH6xej\nvr5NVUQsjojzIuKGiHikvB+X9Dlm/4i4IiIeiognI2J5RLw/ImY3dd2bsmHuWUTsOMXPXZYzX0ga\nY84IM0MRsQtwE/AC4BvA7cCrgfcBR0TEAZn54AgvUZNbBZwzyfrHmr4Q/cYZwCsp7sHPeGZKrklF\nxOuBy4CnKKbVegg4EjgbOAA4ps6LFTDkPSt9H7h8kvW3VXhdkmpg0jhzn6NIGN+bmedNrIyIs4BT\ngI8DJ43o2tTbw5m5ZNQXoWc5hSLx+AnFdFzX9toxIrYCLgDWAQdn5s3l+g8D1wCLI+LYzLR6Va+B\n71mHW/3Zk9rJ5ukZKKuMhwMrgc92bf4o8DhwfERs0fClSa2Tmddm5o8nm1d1EouB5wOXTiSMZYyn\nKKpfAO+q4TLVYch7JqnlrDTOzCHl8urMXN+5ITMfjYgbKZLKfYFvNn1xmtJmEXEc8GKK5H45cH1m\nrhvtZWlAh5bLqybZdj3wBLB/RGyWmaubuywNYPuIeCfwPOBB4NuZuXzE1yRpACaNM7N7ubyzx/Yf\nUySNu2HSOG62Ay7uWndPRJyYmdeN4oI0lJ4/e5m5NiLuAV4G7AysaPLC1NcflK/fiIhlwAmZ+dOR\nXJGkgdg8PTMLy+WqHtsn1m/dwLVocBcCh1EkjlsAL///27uf0LiqKI7j3wMttAURqYtuhIhWEERp\nLdQ/EAVBhYK0G+neLgSX7a5ok+q6CwmoIG6ycRFwp1BoFhZq3UgXhdLSFgqFkhowIGZRAsfFu0PI\nMJObZJqZN8n3A8PlvTcJhww3/GbenXOBH4AJ4LeIeGN0pWmDnHvjZxn4GngTeK48Ousg3weuuJRH\najdDo3adzJzOzPnMXMjM5cy8mZmfA5eA/cDUaCuUdp7MfJyZX2XmX5m5VB6/09yN+RN4GTgz2iol\nrcfQOJjOpxnP9rneOb80hFo0uO/LODnSKrQRzr0dIjNXgB/LoXNPajFD42Bul/GVPtcPl7Hfmke1\ny99l9BZZ+/WdexGxB3gRWAHuD7MobZlzTxoDhsbBdHqSfRgRa/6WEfEMTYPhZeD6sAvTlrxVRoNG\n+4E+lcoAAAG1SURBVM2X8eMe1yaBA8A1vzk9Npx70hgwNA4gM+8Bl2m+QPFF1+VpmnfNs5n535BL\nUx8R8WqvxfYRMQHMlMN1t65TK8wBi8DpiDjWORkR+4BvyuF3oyhMvUXE0e431+X8BzRNwsG5J7Va\n2JN1MD22EbwFHKfp4XgHeMdtBNsjIqaAszS9/B4A/wIvASeAfcCvwKnMfDKqGneriDgJnCyHh4CP\naD55ulrOLWbmua7nz9FsI/gzzTaCn9C045kDPrXp9PbazGtW2uocpvl/+bBcf53VnptfZmYn8Etq\nIUPjUxARLwAXaW6VHQQeAb8A05n5zyhr01oR8R7Nto5HWG25swTcoOnbOGvQGI0S6C+s85QHmTnR\n9TPvAueBt2lC/13gJ+BbG7Vvv828ZhHxGXAKeA14HtgLLAB/ADOZebXfL5HUDoZGSZIkVbmmUZIk\nSVWGRkmSJFUZGiVJklRlaJQkSVKVoVGSJElVhkZJkiRVGRolSZJUZWiUJElSlaFRkiRJVYZGSZIk\nVRkaJUmSVGVolCRJUpWhUZIkSVWGRkmSJFUZGiVJklRlaJQkSVKVoVGSJElV/wMf5P6lH9B3hwAA\nAABJRU5ErkJggg==\n",
      "text/plain": [
       "<matplotlib.figure.Figure at 0x7f23604bed10>"
      ]
     },
     "metadata": {
      "image/png": {
       "height": 252,
       "width": 326
      }
     },
     "output_type": "display_data"
    }
   ],
   "source": [
    "plt.imshow(np.mean(vpf_corr,axis=0),cmap='bwr',vmax=1,vmin=-1,interpolation='None')\n",
    "plt.colorbar()"
   ]
  },
  {
   "cell_type": "markdown",
   "metadata": {
    "collapsed": true
   },
   "source": [
    "### Cosmic correlation"
   ]
  },
  {
   "cell_type": "code",
   "execution_count": 8,
   "metadata": {
    "collapsed": true
   },
   "outputs": [],
   "source": [
    "vpf_cov = np.zeros((200,20,20))\n",
    "for i in range(200):\n",
    "    vpf_cov[i] = np.cov(vpf_samep[i].T)"
   ]
  },
  {
   "cell_type": "code",
   "execution_count": 9,
   "metadata": {
    "collapsed": false
   },
   "outputs": [
    {
     "data": {
      "text/plain": [
       "array([[  3.47222836e-08,   3.50601930e-08,   3.52831959e-08,\n",
       "          3.43590614e-08,   3.37002281e-08,   3.32177953e-08,\n",
       "          3.32707851e-08,   3.35612690e-08,   3.31683246e-08,\n",
       "          3.45680161e-08,   3.36236740e-08,   3.39507295e-08,\n",
       "          3.12177749e-08,   2.91792222e-08,   2.75897398e-08,\n",
       "          1.76658582e-08,   1.22573860e-08,   7.33626901e-09,\n",
       "          2.94570175e-09,   2.88764620e-10],\n",
       "       [  3.50601930e-08,   5.49475205e-08,   5.47215556e-08,\n",
       "          5.44381067e-08,   5.30235351e-08,   5.32195789e-08,\n",
       "          5.27806784e-08,   5.30794415e-08,   5.30193860e-08,\n",
       "          5.50394751e-08,   5.22011886e-08,   4.94659518e-08,\n",
       "          4.56047310e-08,   4.17384678e-08,   3.78700702e-08,\n",
       "          2.74256623e-08,   1.87858187e-08,   1.30071155e-08,\n",
       "          5.36008187e-09,   2.10913743e-10],\n",
       "       [  3.52831959e-08,   5.47215556e-08,   8.54025322e-08,\n",
       "          8.52210175e-08,   8.29901623e-08,   8.14594912e-08,\n",
       "          8.10535190e-08,   8.19123450e-08,   8.20093406e-08,\n",
       "          8.18260775e-08,   7.84016740e-08,   7.55621681e-08,\n",
       "          6.74303860e-08,   6.52354825e-08,   5.34551944e-08,\n",
       "          3.67726886e-08,   2.30694313e-08,   1.33487734e-08,\n",
       "          4.38320906e-09,  -3.40023392e-10],\n",
       "       [  3.43590614e-08,   5.44381067e-08,   8.52210175e-08,\n",
       "          1.32822278e-07,   1.29899711e-07,   1.28951528e-07,\n",
       "          1.27973769e-07,   1.32555993e-07,   1.29342336e-07,\n",
       "          1.31442835e-07,   1.28017367e-07,   1.24286923e-07,\n",
       "          1.11303637e-07,   1.01810811e-07,   8.57638553e-08,\n",
       "          6.33441857e-08,   4.05633670e-08,   2.54713889e-08,\n",
       "          1.22159927e-08,   2.77957164e-09],\n",
       "       [  3.37002281e-08,   5.30235351e-08,   8.29901623e-08,\n",
       "          1.29899711e-07,   1.94121825e-07,   1.94640181e-07,\n",
       "          1.95532889e-07,   1.96180887e-07,   1.92347430e-07,\n",
       "          1.88413851e-07,   1.88284770e-07,   1.86575968e-07,\n",
       "          1.67514661e-07,   1.45851363e-07,   1.29313819e-07,\n",
       "          9.39010585e-08,   6.27642281e-08,   4.10080292e-08,\n",
       "          2.10309898e-08,   7.09247222e-09],\n",
       "       [  3.32177953e-08,   5.32195789e-08,   8.14594912e-08,\n",
       "          1.28951528e-07,   1.94640181e-07,   2.98457830e-07,\n",
       "          2.97877121e-07,   2.96325613e-07,   2.91480067e-07,\n",
       "          2.85579950e-07,   2.89036608e-07,   2.75385395e-07,\n",
       "          2.44965368e-07,   2.05952598e-07,   1.80099640e-07,\n",
       "          1.29764110e-07,   8.99094971e-08,   6.04892310e-08,\n",
       "          2.79147018e-08,   8.97717251e-09],\n",
       "       [  3.32707851e-08,   5.27806784e-08,   8.10535190e-08,\n",
       "          1.27973769e-07,   1.95532889e-07,   2.97877121e-07,\n",
       "          4.40317477e-07,   4.36604405e-07,   4.25253137e-07,\n",
       "          4.13997694e-07,   4.06422560e-07,   3.84245152e-07,\n",
       "          3.45074915e-07,   3.01888839e-07,   2.59829440e-07,\n",
       "          1.94448981e-07,   1.34874886e-07,   8.84107281e-08,\n",
       "          4.39117149e-08,   1.21522588e-08],\n",
       "       [  3.35612690e-08,   5.30794415e-08,   8.19123450e-08,\n",
       "          1.32555993e-07,   1.96180887e-07,   2.96325613e-07,\n",
       "          4.36604405e-07,   6.46350971e-07,   6.34048890e-07,\n",
       "          6.17406113e-07,   5.97768327e-07,   5.62044744e-07,\n",
       "          5.05150148e-07,   4.49479170e-07,   3.78459649e-07,\n",
       "          2.80517509e-07,   1.91396162e-07,   1.08688566e-07,\n",
       "          5.37308947e-08,   1.26252105e-08],\n",
       "       [  3.31683246e-08,   5.30193860e-08,   8.20093406e-08,\n",
       "          1.29342336e-07,   1.92347430e-07,   2.91480067e-07,\n",
       "          4.25253137e-07,   6.34048890e-07,   9.28903304e-07,\n",
       "          9.11249693e-07,   8.85012860e-07,   8.23164934e-07,\n",
       "          7.51199368e-07,   6.54824304e-07,   5.60821531e-07,\n",
       "          4.17120708e-07,   2.78210703e-07,   1.63866658e-07,\n",
       "          7.95042909e-08,   2.28452909e-08],\n",
       "       [  3.45680161e-08,   5.50394751e-08,   8.18260775e-08,\n",
       "          1.31442835e-07,   1.88413851e-07,   2.85579950e-07,\n",
       "          4.13997694e-07,   6.17406113e-07,   9.11249693e-07,\n",
       "          1.31762142e-06,   1.27838163e-06,   1.20724224e-06,\n",
       "          1.12141783e-06,   1.00461587e-06,   8.46922518e-07,\n",
       "          6.26501516e-07,   4.19036933e-07,   2.43051099e-07,\n",
       "          1.13646769e-07,   3.25416696e-08],\n",
       "       [  3.36236740e-08,   5.22011886e-08,   7.84016740e-08,\n",
       "          1.28017367e-07,   1.88284770e-07,   2.89036608e-07,\n",
       "          4.06422560e-07,   5.97768327e-07,   8.85012860e-07,\n",
       "          1.27838163e-06,   1.80534946e-06,   1.69845468e-06,\n",
       "          1.59097669e-06,   1.44004688e-06,   1.20174091e-06,\n",
       "          9.16690858e-07,   6.27394848e-07,   3.55145855e-07,\n",
       "          1.66251849e-07,   5.39917822e-08],\n",
       "       [  3.39507295e-08,   4.94659518e-08,   7.55621681e-08,\n",
       "          1.24286923e-07,   1.86575968e-07,   2.75385395e-07,\n",
       "          3.84245152e-07,   5.62044744e-07,   8.23164934e-07,\n",
       "          1.20724224e-06,   1.69845468e-06,   2.33100825e-06,\n",
       "          2.20549790e-06,   2.01437938e-06,   1.69819051e-06,\n",
       "          1.29559860e-06,   9.05471107e-07,   5.29843651e-07,\n",
       "          2.48316174e-07,   7.50189722e-08],\n",
       "       [  3.12177749e-08,   4.56047310e-08,   6.74303860e-08,\n",
       "          1.11303637e-07,   1.67514661e-07,   2.44965368e-07,\n",
       "          3.45074915e-07,   5.05150148e-07,   7.51199368e-07,\n",
       "          1.12141783e-06,   1.59097669e-06,   2.20549790e-06,\n",
       "          3.01060180e-06,   2.74240262e-06,   2.31841421e-06,\n",
       "          1.81391432e-06,   1.29324324e-06,   7.34170683e-07,\n",
       "          3.40663501e-07,   1.04950643e-07],\n",
       "       [  2.91792222e-08,   4.17384678e-08,   6.52354825e-08,\n",
       "          1.01810811e-07,   1.45851363e-07,   2.05952598e-07,\n",
       "          3.01888839e-07,   4.49479170e-07,   6.54824304e-07,\n",
       "          1.00461587e-06,   1.44004688e-06,   2.01437938e-06,\n",
       "          2.74240262e-06,   3.57177169e-06,   3.03785930e-06,\n",
       "          2.36401222e-06,   1.70436614e-06,   9.64872654e-07,\n",
       "          4.44505513e-07,   1.39653787e-07],\n",
       "       [  2.75897398e-08,   3.78700702e-08,   5.34551944e-08,\n",
       "          8.57638553e-08,   1.29313819e-07,   1.80099640e-07,\n",
       "          2.59829440e-07,   3.78459649e-07,   5.60821531e-07,\n",
       "          8.46922518e-07,   1.20174091e-06,   1.69819051e-06,\n",
       "          2.31841421e-06,   3.03785930e-06,   3.66475062e-06,\n",
       "          2.89612628e-06,   2.08746331e-06,   1.19702394e-06,\n",
       "          5.36967713e-07,   1.62805788e-07],\n",
       "       [  1.76658582e-08,   2.74256623e-08,   3.67726886e-08,\n",
       "          6.33441857e-08,   9.39010585e-08,   1.29764110e-07,\n",
       "          1.94448981e-07,   2.80517509e-07,   4.17120708e-07,\n",
       "          6.26501516e-07,   9.16690858e-07,   1.29559860e-06,\n",
       "          1.81391432e-06,   2.36401222e-06,   2.89612628e-06,\n",
       "          3.31755201e-06,   2.44208200e-06,   1.46024156e-06,\n",
       "          6.57670358e-07,   2.01789956e-07],\n",
       "       [  1.22573860e-08,   1.87858187e-08,   2.30694313e-08,\n",
       "          4.05633670e-08,   6.27642281e-08,   8.99094971e-08,\n",
       "          1.34874886e-07,   1.91396162e-07,   2.78210703e-07,\n",
       "          4.19036933e-07,   6.27394848e-07,   9.05471107e-07,\n",
       "          1.29324324e-06,   1.70436614e-06,   2.08746331e-06,\n",
       "          2.44208200e-06,   2.64476576e-06,   1.63309086e-06,\n",
       "          7.72549728e-07,   2.50340772e-07],\n",
       "       [  7.33626901e-09,   1.30071155e-08,   1.33487734e-08,\n",
       "          2.54713889e-08,   4.10080292e-08,   6.04892310e-08,\n",
       "          8.84107281e-08,   1.08688566e-07,   1.63866658e-07,\n",
       "          2.43051099e-07,   3.55145855e-07,   5.29843651e-07,\n",
       "          7.34170683e-07,   9.64872654e-07,   1.19702394e-06,\n",
       "          1.46024156e-06,   1.63309086e-06,   1.51301609e-06,\n",
       "          7.42481471e-07,   2.49020987e-07],\n",
       "       [  2.94570175e-09,   5.36008187e-09,   4.38320906e-09,\n",
       "          1.22159927e-08,   2.10309898e-08,   2.79147018e-08,\n",
       "          4.39117149e-08,   5.37308947e-08,   7.95042909e-08,\n",
       "          1.13646769e-07,   1.66251849e-07,   2.48316174e-07,\n",
       "          3.40663501e-07,   4.44505513e-07,   5.36967713e-07,\n",
       "          6.57670358e-07,   7.72549728e-07,   7.42481471e-07,\n",
       "          6.01869202e-07,   2.19075738e-07],\n",
       "       [  2.88764620e-10,   2.10913743e-10,  -3.40023392e-10,\n",
       "          2.77957164e-09,   7.09247222e-09,   8.97717251e-09,\n",
       "          1.21522588e-08,   1.26252105e-08,   2.28452909e-08,\n",
       "          3.25416696e-08,   5.39917822e-08,   7.50189722e-08,\n",
       "          1.04950643e-07,   1.39653787e-07,   1.62805788e-07,\n",
       "          2.01789956e-07,   2.50340772e-07,   2.49020987e-07,\n",
       "          2.19075738e-07,   1.51024886e-07]])"
      ]
     },
     "execution_count": 9,
     "metadata": {},
     "output_type": "execute_result"
    }
   ],
   "source": [
    "np.mean(vpf_cov,axis=0)"
   ]
  },
  {
   "cell_type": "code",
   "execution_count": null,
   "metadata": {
    "collapsed": true
   },
   "outputs": [],
   "source": []
  }
 ],
 "metadata": {
  "kernelspec": {
   "display_name": "Python 2",
   "language": "python",
   "name": "python2"
  },
  "language_info": {
   "codemirror_mode": {
    "name": "ipython",
    "version": 2
   },
   "file_extension": ".py",
   "mimetype": "text/x-python",
   "name": "python",
   "nbconvert_exporter": "python",
   "pygments_lexer": "ipython2",
   "version": "2.7.12"
  }
 },
 "nbformat": 4,
 "nbformat_minor": 0
}
